4294967278,12
4294967278,10
4294967278,5
4294967278,46
4294967278,45
4294967278,44
4294967278,43
4294967278,42
4294967278,41
4294967278,40
4294967278,39
4294967278,38
4294967278,37
4294967278,36
4294967278,35
4294967278,34
4294967278,33
4294967278,32
4294967278,31
4294967278,30
4294967278,28
4294967278,27
4294967278,26
4294967278,25
4294967278,24
4294967278,23
4294967278,22
4294967278,21
4294967278,20
4294967278,19
4294967279,128
4294967279,286
4294967278,29
4294967278,368
4294967278,131
4294967278,130
4294967278,129
4294967278,128
4294967278,127
4294967278,126
4294967278,125
4294967278,124
4294967278,377
4294967278,123
4294967278,119
4294967278,243
4294967278,117
4294967278,239
4294967278,115
4294967278,337
4294967278,114
4294967278,113
4294967278,112
4294967278,394
4294967278,109
4294967278,225
4294967278,107
4294967278,106
4294967278,104
4294967278,103
4294967278,174
4294967278,215
4294967278,102
4294967278,101
4294967278,100
4294967278,98
4294967278,95
4294967278,93
4294967278,92
4294967278,90
4294967278,89
4294967278,83
4294967278,81
4294967278,80
4294967278,79
4294967278,76
4294967278,75
4294967278,74
4294967278,73
4294967278,72
4294967278,71
4294967278,70
4294967278,69
4294967278,68
4294967278,67
4294967278,64
4294967278,63
4294967278,381
4294967278,62
4294967278,61
4294967278,60
4294967278,59
4294967278,58
4294967278,57
4294967278,56
4294967278,55
4294967278,54
4294967278,53
4294967278,354
4294967278,52
4294967278,353
4294967278,51
4294967278,329
4294967278,50
4294967278,49
4294967278,48
4294967278,47
4294967278,347
4294967279,85
4294967279,84
4294967279,331
4294967279,82
4294967279,81
4294967279,80
4294967279,79
4294967279,322
4294967279,78
4294967279,77
4294967279,76
4294967279,75
4294967279,354
4294967279,74
4294967279,73
4294967279,72
4294967279,71
4294967279,349
4294967279,70
4294967279,69
4294967279,68
4294967279,67
4294967279,65
4294967279,64
4294967279,62
4294967279,61
4294967279,60
4294967279,59
4294967279,58
4294967279,57
4294967279,56
4294967279,55
4294967279,54
4294967279,53
4294967279,52
4294967279,51
4294967279,50
4294967279,320
4294967279,49
4294967279,48
4294967279,47
4294967279,46
4294967279,45
4294967279,44
4294967279,43
4294967279,319
4294967279,42
4294967279,41
4294967279,318
4294967279,40
4294967279,39
4294967279,38
4294967279,37
4294967279,36
4294967279,35
4294967279,34
4294967279,32
4294967279,31
4294967279,30
4294967279,27
4294967279,137
4294967279,26
4294967279,25
4294967279,338
4294967279,24
4294967279,23
4294967279,21
4294967279,20
4294967279,19
4294967279,18
4294967279,339
4294967279,17
4294967279,16
4294967279,15
4294967279,13
4294967279,12
4294967279,11
4294967279,10
4294967279,9
4294967279,8
4294967279,7
4294967279,6
4294967279,5
4294967279,4
4294967279,29
4294967279,535
4294967278,447
4294967278,0
4294967278,260
4294967279,272
4294967278,289
4294967279,22
4294967279,332
4294967278,274
4294967279,262
4294967279,528
4294967278,405
4294967278,255
4294967279,567
4294967294,1016
4294967294,1424
4294967278,366
4294967278,434
374,6
374,5
374,4
374,3
374,2
374,1
4294967294,1006
4294967294,1014
4294967294,1012
4294967294,1015
4294967294,1009
4294967294,1089
4294967278,446
4294967278,230
4294967278,224
4294967278,228
4294967279,374
4294967278,445
4294967279,520
4294967279,260
4294967278,211
4294967279,327
4294967279,205
371,6
371,5
371,4
371,3
371,2
371,1
4294967278,413
4294967278,333
4294967279,306
4294967279,326
4294967279,195
4294967278,195
4294967278,78
4294967279,194
4294967278,193
4294967278,192
4294967278,308
4294967279,191
4294967278,188
4294967278,187
4294967278,186
4294967278,185
4294967279,185
4294967278,180
4294967279,183
368,6
4294967278,182
368,5
368,4
4294967278,181
368,3
368,2
368,1
4294967279,181
4294967278,66
4294967278,303
4294967279,66
4294967279,346
4294967278,65
4294967278,279
4294967279,549
4294967278,302
4294967279,63
4294967279,515
4294967279,175
4294967278,437
4294967279,295
4294967279,171
4294967278,444
4294967279,545
4294967279,350
4294967279,574
4294967278,328
4294967278,418
4294967279,540
365,6
4294967279,157
365,5
365,4
365,3
365,2
365,1
4294967279,570
4294967279,33
4294967279,358
4294967278,436
4294967278,296
4294967279,537
4294967278,147
4294967279,146
4294967279,145
4294967278,420
4294967279,140
4294967279,373
4294967279,28
4294967278,443
4294967278,442
4294967278,138
4294967279,136
4294967294,115
4294967294,120
4294967278,393
4294967279,135
4294967279,133
362,6
362,5
4294967279,270
362,4
362,3
362,2
362,1
4294967278,399
4294967294,81
4294967294,50
4294967278,406
4294967279,351
4294967278,430
4294967279,265
4294967279,14
4294967279,334
4294967278,429
4294967278,267
4294967279,261
4294967279,275
4294967278,441
4294967279,258
4294967279,255
4294967279,321
4294967279,254
4294967294,1422
4294967279,253
4294967278,258
359,4
4294967278,257
359,3
359,2
359,1
4294967279,568
4294967278,380
4294967278,379
4294967278,367
358,4
358,3
358,2
358,1
4294967279,527
4294967278,342
4294967278,340
4294967294,997
4294967294,176
4294967294,162
4294967294,190
4294967278,339
4294967278,338
4294967279,251
4294967279,372
4294967278,254
357,6
4294967278,432
4294967278,251
4294967279,249
357,5
4294967278,246
357,4
357,3
357,2
357,1
4294967279,243
4294967278,242
4294967294,413
4294967294,1171
4294967294,414
4294967294,1005
4294967294,168
4294967294,118
